time,x,y,z,phi,theta,psi,x_velocity,y_velocity,z_velocity,phi_velocity,theta_velocity,psi_velocity,rotor_speed1,rotor_speed2,rotor_speed3,rotor_speed4
0.06,4.03551147426e-08,3.08158023201e-08,10.000778489,4.2255343419e-05,6.28311826446,0.0,4.30663260844e-06,2.98341306498e-06,0.0259491047576,0.00207693262963,-0.00345159284332,0.0,413.275403925733,412.9711441807371,412.2608478910831,412.4442722066583
0.12000000000000001,2.62521793149e-06,1.72972442839e-06,10.0059040028,6.28289591564,6.28274064106,0.0,0.000111754008476,5.09938028156e-05,0.14489292828,-0.0285567608049,-0.0126893230449,0.0,443.3830094612927,442.62365817280676,444.0007272712312,441.48082835362374
0.18,1.92784581218e-05,-5.62765723992e-06,10.0141322741,6.28120323495,6.28213396915,0.0,0.000501053853388,-0.000440826678928,0.129384693905,-0.0275294216321,-0.00539800645378,0.0,397.6716363311431,398.33894895803684,399.14144260742694,399.2348598034832
0.23999999999999996,7.25848278322e-05,-7.98287647558e-05,10.0252047991,6.27976881027,6.28187792779,0.0,0.00130573368787,-0.0021914040312,0.239681603024,-0.0175012544211,-0.00209675666079,0.0,439.77271878083883,440.04610982270884,440.0432270871559,440.87233960461396
0.3,0.000177003386198,-0.000282325912703,10.0415725322,6.27857486436,6.28183324791,0.0,0.00218300801115,-0.00466680968045,0.305893133603,-0.02518652267,0.00183116189138,0.0,426.36442408562306,426.69983631499406,426.0333193273415,425.3758194244886
0.36000000000000004,0.000339612104691,-0.000679380242359,10.0661966426,6.27703029574,6.28215037587,0.0,0.0032110583207,-0.00874847068063,0.514838370544,-0.0268791093233,0.0114270592832,0.0,470.3671737392044,471.1095188142313,469.9850797498226,469.85381050445886
0.4200000000000001,0.00054787988416,-0.00131500482856,10.0965723628,6.27517994443,6.28276643379,0.0,0.00367601430492,-0.0125844079938,0.497692488908,-0.0402467305417,0.00784166581759,0.0,397.81895285077195,397.4904564920936,399.5288685515118,398.30792031491103
0.48000000000000015,0.000774698562729,-0.00222763609509,10.1274191233,6.27236293182,6.28308901998,0.0,0.00384761411998,-0.0180723377237,0.530515809944,-0.0657872475736,-7.67526766613e-05,0.0,415.605592334805,414.91100435677805,416.4929318810005,414.2517483171564
0.5400000000000001,0.00100676861107,-0.00354370133576,10.1616467649,6.26840119559,0.000488546198641,0.0,0.00385437786691,-0.0261876488244,0.610360993429,-0.0665165059066,0.0244020435418,0.0,429.9843996756115,432.052805624542,430.5763684559107,430.5112863868381
0.6000000000000002,0.00121969904249,-0.0054874713816,10.2045986479,6.2641456497,0.00205730263646,0.0,0.00306355046457,-0.0390887599705,0.821232300088,-0.0816464435338,0.0294231804441,0.0,470.6950995557768,471.0835614782204,472.11927015207164,470.94698924003137
0.6600000000000003,0.0013547047832,-0.00823971269085,10.2566113962,6.25885396295,0.00399878516829,0.0,0.00124954982786,-0.0531592715128,0.912445812257,-0.106375979574,0.0376611552661,0.0,435.33016941447056,436.0192678955217,435.0705406251148,432.98831643509607
0.7200000000000003,0.0013346488668,-0.0119783352495,10.315223883,6.25269133772,0.00613273380315,0.0,-0.00215149208262,-0.0721243592913,1.04117562547,-0.0962408848717,0.0310071473036,0.0,446.8412025912707,446.29904896284705,446.74381172187805,447.5601932824674
0.7800000000000004,0.00106269236656,-0.0170016290944,10.3820851309,6.24725158413,0.00796850487881,0.0,-0.00711406508668,-0.0959227173674,1.18736981188,-0.0813587181636,0.0297614773001,0.0,453.1793431244205,453.0795081745065,451.3596511881696,452.5521178708179
0.8400000000000004,0.000469120084576,-0.0234960005695,10.4557229696,6.24255985557,0.00994772358004,0.0,-0.0128581213491,-0.121026682242,1.2671186778,-0.0725231389589,0.0387617312903,0.0,430.5341426696473,431.29534095764416,432.746643295128,433.4845818438644
0.9000000000000005,-0.000577931126462,-0.031857796591,10.5406241758,6.23804837057,0.0119133907162,0.0,-0.0223263246755,-0.158264715109,1.56253552735,-0.0811440140253,0.0167103350633,0.0,497.8464174462305,496.2307661803255,496.9615902747136,496.3255321340662
0.9600000000000005,-0.00223337984473,-0.0425500334957,10.6427198623,6.23417623865,0.0134945945075,0.0,-0.0330224521196,-0.198670326189,1.84021802496,-0.0432792894622,0.0408011753491,0.0,492.0315825984367,493.8117982629674,490.98681868605985,493.78465599388164
1.0200000000000005,-0.0044697730428,-0.0553740888131,10.7537399844,6.23259452765,0.0158674479573,0.0,-0.0417412723203,-0.228974755634,1.86040489434,-0.00484294703799,0.0369151634656,0.0,415.16468943340885,414.8245188906795,412.34514561956485,415.72606408443505
1.0800000000000005,-0.00734714759937,-0.0702732258839,10.870588492,6.23192229726,0.0177856431433,0.0,-0.054402868242,-0.267698559351,2.03424149628,-0.028647450008,0.0195762112657,0.0,464.28444873294103,462.92247878402515,464.10207467513476,462.2301219985937
1.1400000000000006,-0.0110735978171,-0.0876602299632,11.0006279461,6.22989020847,0.018899522634,0.0,-0.0699481776473,-0.312077583078,2.29989012726,-0.0471641843733,0.0164608077245,0.0,490.2819143408242,490.05031589428677,492.2069720082511,490.83436136944505
1.2000000000000006,-0.0157243171659,-0.107664897332,11.1446944846,6.22695017647,0.0200977864345,0.0,-0.0851967794058,-0.355060832573,2.50187943824,-0.0529509752517,0.0262005433367,0.0,472.99368859143834,473.74309865911636,473.8452742332893,473.3988902994171
1.2600000000000007,-0.021347920823,-0.130393611803,11.3021702169,6.22392055453,0.0221505447621,0.0,-0.102473540992,-0.402915218346,2.74671944082,-0.0459851391726,0.0467240370862,0.0,484.9494665067191,486.48894174991443,487.75363247555316,488.272187714751
1.3200000000000007,-0.02805398979,-0.156038702237,11.4738497715,6.22155985239,0.0244514525,0.0,-0.121371350559,-0.452195533895,2.975328231,-0.0285895588382,0.0109190502526,0.0,484.9561275952312,482.2597370541929,482.5111930439087,483.82194319701193
1.3800000000000008,-0.0360160361479,-0.184885517722,11.6623147047,6.21948127142,0.0247703214212,0.0,-0.144079091472,-0.509564211436,3.30590807623,-0.0508914964451,-0.00930337566645,0.0,513.9522014387619,512.5168765498978,513.8868637844467,512.3031484305906
1.4400000000000008,-0.0452112488912,-0.21689508033,11.8652600047,6.2162145659,0.0244271729062,0.0,-0.162368299712,-0.557740244092,3.45845004419,-0.0627139356462,0.000627719779365,0.0,464.44320402895033,465.221571969886,463.7601104424234,462.8286512953747
1.5000000000000009,-0.0554975701773,-0.251868908969,12.0773157847,6.21209568845,0.024466118831,0.0,-0.180501922874,-0.608452049346,3.609563632,-0.0844429378079,0.000691826297328,0.0,464.3985121279951,464.4035259598585,465.7355767450291,464.0293709005045
1.560000000000001,-0.066826083106,-0.289845101434,12.2965239796,6.20655137131,0.0245184616166,0.0,-0.19711309318,-0.657924888389,3.69703859081,-0.11732197781,0.00123109405496,0.0,445.74290006970523,445.78695043045974,447.8955462645073,445.20555570111264
1.620000000000001,-0.0792006311786,-0.331062199224,12.5229281919,6.20018090289,0.0244542236945,0.0,-0.215360528109,-0.716668816395,3.84918313751,-0.0900797420052,-0.00612548439565,0.0,466.7642234707493,466.1897505499317,465.9377025155092,468.0530194480103
1.680000000000001,-0.0925442516942,-0.375513530169,12.7533780547,6.19475589606,0.0251829998937,0.0,-0.229455507941,-0.765508388407,3.83247245444,-0.0910990280421,0.0347599114073,0.0,411.81774285078404,415.41878024150355,414.8814631203265,414.78446498892754
1.740000000000001,-0.106837422429,-0.423285743217,12.9861207093,6.18893241718,0.0271969146126,0.0,-0.247182769346,-0.827437991439,3.9252129489,-0.112939549948,0.0310624934236,0.0,451.0586881527546,450.7604034852392,449.58949833253524,447.80805157576344
1.8000000000000012,-0.122356034499,-0.475317312353,13.2287903341,6.18162231334,0.0291461575932,0.0,-0.270314731131,-0.907712536418,4.16280372171,-0.152917217704,0.0351943731424,0.0,493.67038336714546,493.9754673901049,495.1781167500867,492.21536355728745
1.8600000000000012,-0.139182481317,-0.531904840308,13.4813201644,6.1731066415,0.0313775708779,0.0,-0.290776005979,-0.979386952384,4.25437099255,-0.126005735886,0.0409088879477,0.0,452.4750810200075,452.9355531655425,450.94790102178865,453.09776242114964
1.9200000000000013,-0.157423612467,-0.593451194639,13.7436915111,6.16551816662,0.0338199957557,0.0,-0.317531967766,-1.07297996374,4.49026235553,-0.127428159867,0.0403004899353,0.0,496.2535386845201,496.20954930594746,496.19366754017904,496.0764741715442
1.9800000000000013,-0.177182645798,-0.66028887785,14.0158999757,6.1579932234,0.0360535344938,0.0,-0.341325332444,-1.15566261508,4.58282020473,-0.121670981248,0.0302328911917,0.0,455.70325089234876,454.8982995936233,456.3069888223249,456.7525308535309
2.0400000000000014,-0.198516069913,-0.732596762948,14.2964353417,6.15019160661,0.0381394645079,0.0,-0.369985421873,-1.25535399611,4.76740527668,-0.157279158497,0.0425622464385,0.0,484.2784414480984,485.2054366096164,485.85497368413934,483.16267974325586
2.1000000000000014,-0.221465279899,-0.810535408252,14.5840146086,6.14080779855,0.0410597413883,0.0,-0.395240947028,-1.34345820504,4.8181391067,-0.154690188779,0.0587122414991,0.0,445.6921255990686,447.01171051172236,445.48127562020204,445.6698665672096
2.1600000000000015,-0.246009104701,-0.894007282191,14.8750649451,6.13118237989,0.0449003212815,0.0,-0.423232936249,-1.43980226395,4.88301446683,-0.175470364998,0.0729182853313,0.0,449.97557156742386,451.12716035384085,453.0160125349575,451.31732805499723
2.2200000000000015,-0.272087542905,-0.982703777915,15.1651378014,6.12087664367,0.0491810958932,0.0,-0.446383288769,-1.51756500317,4.78626756308,-0.165229865296,0.0680025896883,0.0,398.9481204903349,398.50349296290636,398.05970462536436,398.96375334974925
2.2800000000000016,-0.299898809204,-1.07713566101,15.4549186642,6.11121306154,0.0531652687354,0.0,-0.481043354237,-1.63107027591,4.87241608133,-0.153815364089,0.0629962554732,0.0,459.3993923648472,459.0053245618067,458.0720719344259,458.9551002080831
2.3400000000000016,-0.329730163206,-1.17812328009,15.747265985,6.10233386816,0.0568433800945,0.0,-0.513659753946,-1.73596408176,4.87221124603,-0.138337933622,0.0576790611027,0.0,433.1810567464803,432.73641423301495,431.8528764323522,433.1352318967494
2.4000000000000017,-0.361708605708,-1.28595578608,16.0417050637,6.0938961818,0.0600283244779,0.0,-0.552595054277,-1.85920337774,4.94180122154,-0.145648120339,0.0417888873707,0.0,456.1496715818508,454.88050882232653,456.2935640456689,455.6916263123355
2.4600000000000017,-0.396031167474,-1.40118925878,16.339426758,6.08501236905,0.062400486532,0.0,-0.591703776694,-1.98268901343,4.9817430752,-0.153387168117,0.0346010122875,0.0,448.70783153701757,448.1246077846254,447.33975844493,446.68853019780386
2.520000000000002,-0.432745274115,-1.52400550001,16.63950751,6.07554209626,0.0648582506731,0.0,-0.632297238459,-2.11200453829,5.02040448476,-0.16867299863,0.0513464802702,0.0,447.51109097102477,448.87312990322783,449.30365681716955,448.0388482349919
2.580000000000002,-0.47224399813,-1.65571285343,16.946317731,6.06582945671,0.0677358475083,0.0,-0.684607416202,-2.27916805953,5.20525617525,-0.150926459884,0.0401433851062,0.0,494.242274242813,493.4169110197678,493.81108903414133,495.0963505503422
2.640000000000002,-0.514755697567,-1.79706710019,17.261425267,6.05665363784,0.0699234223138,0.0,-0.732644692618,-2.4334412445,5.2974321246,-0.157267766504,0.0278303901821,0.0,470.0451125230204,469.0902899506601,468.9701735866402,468.45650194563
2.700000000000002,-0.560101577715,-1.94757560445,17.5807348858,6.04723270919,0.0721193038766,0.0,-0.779045444606,-2.58432241552,5.3455151922,-0.156516259796,0.0500250479331,0.0,457.0345490158527,458.8009574600926,456.66315123617056,456.70047853607184
2.760000000000002,-0.608514876911,-2.10808368513,17.9060191462,6.03826770219,0.0753390715448,0.0,-0.835008234879,-2.76673424789,5.49597656735,-0.138068950545,0.0600913504063,0.0,489.83533641087325,490.58505986921926,489.24083657862894,490.5936833284657
2.820000000000002,-0.659869615335,-2.27816026515,18.2339971874,6.02953759894,0.0788989271666,0.0,-0.877112871821,-2.90320214876,5.43645994116,-0.167620547812,0.0577656856357,0.0,426.6658092208197,426.46979363243975,427.39593915841687,424.8475375013137
2.880000000000002,-0.713779834583,-2.45648458758,18.5580030024,6.0189865636,0.0821147040223,0.0,-0.920170453738,-3.04178824121,5.36356781428,-0.202295341709,0.0435854168705,0.0,422.5614887402006,421.33905482098834,423.9976915696568,420.9744087638509
2.940000000000002,-0.770482704051,-2.64380580444,18.8794326235,6.00810866154,0.085225072218,0.0,-0.970163506178,-3.20319300484,5.35017695026,-0.156686825478,0.0646462382102,0.0,442.03840612112384,443.7725853712179,440.7586281904568,444.4786074368212
3.000000000000002,-0.830255694794,-2.84103411567,19.2001123641,5.99935342447,0.0886902477361,0.0,-1.02258037452,-3.37183530852,5.33858606136,-0.130238911195,0.0381016400536,0.0,446.0786936295404,443.907473209692,443.10539053487935,445.2542431822567
3.0600000000000023,-0.893701587432,-3.05002065251,19.525086088,5.99149909522,0.0911152499386,0.0,-1.09244797514,-3.5949660249,5.49236162895,-0.132271629204,0.0446845758166,0.0,496.9662734872036,497.44929250048256,497.48537684346684,497.3227639188151
3.1200000000000023,-0.961064739118,-3.27153177827,19.855728993,5.98314804198,0.0945804114247,0.0,-1.15324396347,-3.7893845941,5.52817653858,-0.15889586604,0.0758083440042,0.0,463.4459487109676,465.88832854990187,465.00179633327986,462.8932765331447
3.1800000000000024,-1.03269183134,-3.50656647633,20.1938548381,5.97330774331,0.0993331684255,0.0,-1.23474014481,-4.04579682665,5.74054690349,-0.176911490574,0.0852711764138,0.0,519.5229426284425,520.190131906594,519.3722652979635,518.0852170717377
3.2400000000000024,-1.10860235976,-3.75501484587,20.5377177263,5.9627394341,0.10498805221,0.0,-1.29605393945,-4.23665532417,5.72076684901,-0.174637797378,0.107917121856,0.0,451.8111339059526,453.6408446230373,452.9499149522694,453.10353539492064
3.3000000000000025,-1.18832689098,-4.01519550136,20.8805707946,5.95278225824,0.111549661948,0.0,-1.36196673099,-4.43682519307,5.70679282001,-0.152637229749,0.112098121046,0.0,457.0319708822017,457.3753413229559,455.0112215279499,456.7435824821524
3.3600000000000025,-1.27199343144,-4.28718614905,21.2213860172,5.94406606568,0.118511183778,0.0,-1.42746714716,-4.6302491907,5.65309397004,-0.133577748996,0.122900642771,0.0,444.41396632804646,445.31070951410334,444.9285878484503,446.4667373975499
3.4200000000000026,-1.35946992211,-4.57027122329,21.5570168569,5.93615481483,0.126065080242,0.0,-1.48898918869,-4.80663654517,5.53439322202,-0.128615808242,0.131299877433,0.0,423.36618398348327,424.10367305583065,424.54877152587824,424.9575561963779
3.4800000000000026,-1.45158249012,-4.86628398257,21.8915386454,5.92839160149,0.133916121142,0.0,-1.58210912767,-5.06092707448,5.61473813405,-0.130973726909,0.129937798144,0.0,490.5015423503105,490.41429907883344,490.4697203304437,490.280918908678
3.5400000000000027,-1.54943860646,-5.17770290216,22.2307006302,5.92083977927,0.141535875284,0.0,-1.680407189,-5.3201541821,5.68902462096,-0.117227675069,0.1203531394,0.0,491.7313695084825,491.03364078119904,491.8832545884049,492.88757519285497
3.6000000000000028,-1.65288633641,-5.50369393006,22.5711866903,5.91324777507,0.148480409557,0.0,-1.76840620544,-5.54675413751,5.65956188372,-0.161298393574,0.104412872097,0.0,462.13175062900075,460.8845310114512,464.7719029227846,461.28850223181496
3.660000000000003,-1.76175086863,-5.84347922974,22.9098974285,5.90392598143,0.154638070129,0.0,-1.86087409218,-5.78011477357,5.62968191499,-0.14556841081,0.098797581415,0.0,464.3208908692375,463.88866953562444,464.0688263253706,465.2803822074473
3.720000000000003,-1.87633277972,-6.19758686314,23.2470533541,5.89505019953,0.160150784609,0.0,-1.95893836952,-6.02409801094,5.60764455523,-0.153121529577,0.0721241269466,0.0,470.60729022914245,468.54387377676716,469.55152754028575,468.9457225475831
3.780000000000003,-1.9961672946,-6.56481356856,23.5786280495,5.88580441873,0.164378538479,0.0,-2.03588734823,-6.21764812565,5.44461581894,-0.156118253308,0.0669151932425,0.0,423.4998693225818,423.0554965475297,423.881839863005,423.6004374552265
3.840000000000003,-2.12076902743,-6.94401880413,23.9008250024,5.8769904425,0.169026068507,0.0,-2.11784251339,-6.42335469505,5.2948941986,-0.132953171257,0.0929064757916,0.0,427.87732076766434,430.0898552262431,427.99368699476935,429.9398823708111
3.900000000000003,-2.25079959986,-7.33673488218,24.2162870759,5.868823995,0.175016108952,0.0,-2.21692116403,-6.6678225756,5.21952753927,-0.143300537499,0.110962707442,0.0,454.37519484355005,455.8290558105761,457.46378929953903,456.6221974797103
3.960000000000003,-2.38720629927,-7.74502953207,24.5287855129,5.86000697781,0.181445042756,0.0,-2.33041270523,-6.94256472451,5.19558742732,-0.155475083881,0.098163357218,0.0,475.4476708418664,474.4749400862943,476.8291059577446,475.8790803043214
4.020000000000002,-2.53111631454,-8.17128812926,24.8425511563,5.85012078789,0.187369113903,0.0,-2.46691011881,-7.26648055148,5.26093559757,-0.199386108439,0.099852200877,0.0,507.43918127931283,507.56747729247354,509.1328005667653,505.95649358420303
4.080000000000001,-2.6820960804,-8.61446372403,25.154124646,5.83786101119,0.193435846986,0.0,-2.5661464203,-7.50693377995,5.12384475246,-0.216692524698,0.103518279021,0.0,445.6627531581082,445.9712011103659,446.3474190864917,444.8909889022791
4.14,-2.83996452711,-9.0741261333,25.4611687307,5.82442337403,0.199419319388,0.0,-2.69644496935,-7.815859946,5.10875719354,-0.245262172259,0.0907946234882,0.0,489.34094558737524,488.4000968733184,491.74831424535347,489.58108601061764
4.199999999999998,-3.00474427686,-9.55036336502,25.7626091227,5.80994818312,0.20548985644,0.0,-2.79656997388,-8.05970961797,4.93815850607,-0.234259209347,0.116442340682,0.0,440.07610123569316,442.20335023893097,441.0422687732047,441.8917211855326
4.259999999999997,-3.1756902651,-10.0416043199,26.0539267295,5.79539644361,0.211950138063,0.0,-2.90203872842,-8.31592700206,4.77117238799,-0.269184434555,0.0775379649441,0.0,447.5631266028028,444.3937071220192,446.2872710513623,443.3656115989183
4.319999999999996,-3.35229679574,-10.546805892,26.3319516482,5.77930259573,0.217036657419,0.0,-2.98519717483,-8.52529846109,4.49581575263,-0.26639276213,0.0963063539377,0.0,406.1834108074881,407.87026543352573,407.29961158987203,407.4695488292767
4.379999999999995,-3.53420206895,-11.0653190814,26.5942687698,5.76363313163,0.223541244929,0.0,-3.07869333614,-8.75955976785,4.24719012021,-0.252351652089,0.125498498111,0.0,418.9175210069577,421.4598758841342,418.1159194293612,419.2644196247367
4.439999999999993,-3.7224252838,-11.5994672877,26.8438483688,5.74837044109,0.231255524226,0.0,-3.1958104199,-9.04624948712,4.07043899979,-0.258764635316,0.134095098911,0.0,448.80087390913945,449.51318878171395,450.2015184460404,449.6179179323147
4.499999999999992,-3.91748109481,-12.1503959969,27.0814749615,5.73257116252,0.239548564601,0.0,-3.30648127741,-9.31896796213,3.84895751237,-0.27446519597,0.145390108774,0.0,435.8672544555887,436.8285435263839,438.2539893872152,436.87497354148
4.559999999999991,-4.11963758503,-12.7186706999,27.3067885285,5.71603052142,0.248244052501,0.0,-3.43246988042,-9.62432085259,3.65945172643,-0.278212787164,0.143978704945,0.0,453.25452168714384,453.1602188135274,453.605006886561,453.2285808140053
4.6199999999999894,-4.32980471479,-13.3062144276,27.5215418875,5.69922408171,0.256777957521,0.0,-3.57342714805,-9.96112258266,3.49647363995,-0.284183964506,0.13849118689,0.0,468.43306072970597,468.02368830206996,469.19310166942813,468.6540546559239
4.679999999999988,-4.54863152486,-13.9143903037,27.7264438236,5.68214086504,0.265283949515,0.0,-3.72105857034,-10.311972592,3.3308488154,-0.285812348156,0.147616247884,0.0,473.50218779732916,474.2211988158515,474.29090769108217,474.0891341678738
4.739999999999987,-4.77621030804,-14.5433987393,27.9203718039,5.66463338392,0.274103863075,0.0,-3.86516650892,-10.6555350645,3.13075772746,-0.307707611402,0.14573522055,0.0,468.12939193081775,468.0019906310184,468.98921252562616,467.2020622957672
4.799999999999986,-5.01123515928,-15.190557949,28.0981546309,5.64659994919,0.282984693882,0.0,-3.96936282118,-10.917378595,2.79380934786,-0.289156558384,0.152215800763,0.0,419.17580589519696,419.7607903857877,419.3362012662238,420.8471253651923
4.859999999999984,-5.25314148676,-15.8547481152,28.2569284019,5.62926808696,0.292373447443,0.0,-4.09448624576,-11.223003078,2.49651774239,-0.28828772505,0.163865092936,0.0,440.71159104760414,441.6970694802363,441.2340061809705,441.22037987578096
4.919999999999983,-5.50371439781,-16.5396278789,28.4002934782,5.61213364006,0.302411235448,0.0,-4.258114889,-11.6065607568,2.27905285916,-0.28064602099,0.173393742028,0.0,478.5305281175315,479.28007456762975,480.0745900401048,480.5782139328223
4.979999999999982,-5.76271315361,-17.2447295713,28.5263991922,5.59531659052,0.313444271542,0.0,-4.37553394413,-11.8975745364,1.92248068989,-0.279571778126,0.199261635363,0.0,429.6347177861355,431.8566055758143,430.7382497978203,430.7468314702892
5.0399999999999805,-6.02916226858,-17.9680849199,28.6314790423,5.57882176711,0.325232105796,0.0,-4.50643668145,-12.2148301082,1.5777752317,-0.266945960748,0.190193156399,0.0,443.87712839666625,443.1696940046811,440.31482162403387,441.28131105633344
